# wang ID 1  MUSE z
1 3 1.688 0.0
-30.577 -23.695 0.0 0.40 0.0 0.0 0.0 0
-35.495 -13.237 0.0 0.40 0.0 0.0 0.0 0
 -0.305 -35.086 0.0 0.40 0.0 0.0 0.0 0

# wang ID 55 (z=1.50??)
2 3 
-32.001 -21.186 0.0 0.40 0.0 0.0 0.0 0
-33.942 -16.247 0.0 0.40 0.0 0.0 0.0 0
  1.138 -35.497 0.0 0.40 0.0 0.0 0.0 0

# wang ID 2 MUSE z
3 3 1.888 0.0
  8.880 -11.196 0.0 0.40 0.0 0.0 0.0 0
-34.721  12.654 0.0 0.40 0.0 0.0 0.0 0
 -0.952  -6.797 0.0 0.40 0.0 0.0 0.0 0
#  2.153   1.235 0.0 0.40 0.0 0.0 0.0 0

# wang ID 56 (z=1.20 is wrong??)
4 4 
-33.039  14.184 0.0 0.40 0.0 0.0 0.0 0
 11.079  -7.315 0.0 0.40 0.0 0.0 0.0 0
 -0.435  -2.196 0.0 0.40 0.0 0.0 0.0 0
  4.999   3.434 0.0 0.40 0.0 0.0 0.0 0

# wang ID 3
5 2 3.98 0.0
-10.465  22.942 0.0 0.40 0.0 0.0 0.0 0
 -7.878  23.227 0.0 0.40 0.0 0.0 0.0 0
# 26.780   2.520 0.0 0.40 0.0 0.0 0.0 0 #3.3a
# 29.435  -5.693 0.0 0.40 0.0 0.0 0.0 0 #3.3

# wang ID 4
6 5 3.58 0.0
 17.676 -31.266 0.0 0.40 0.0 0.0 0.0 0
-22.039 -16.826 0.0 0.40 0.0 0.0 0.0 0
-23.204 -17.518 0.0 0.40 0.0 0.0 0.0 0
-18.676  -8.615 0.0 0.40 0.0 0.0 0.0 0
-29.544  -4.975 0.0 0.40 0.0 0.0 0.0 0

# wang ID 5 1 new image MUSE z
7 2 4.022 0.0
  3.504  31.918 0.0 0.40 0.0 0.0 0.0 0
 19.101  19.685 0.0 0.40 0.0 0.0 0.0 0

# wang ID 6
8 3 2.019 0.0
-38.580  -5.604 0.0 0.40 0.0 0.0 0.0 0
-24.626 -27.976 0.0 0.40 0.0 0.0 0.0 0
 -0.952 -32.875 0.0 0.40 0.0 0.0 0.0 0

# wang ID 7
9 3 3.25 0.5
-37.728  -7.494 0.0 0.40 0.0 0.0 0.0 0
-28.325 -25.802 0.0 0.40 0.0 0.0 0.0 0
  4.686 -34.481 0.0 0.40 0.0 0.0 0.0 0

# wang ID 8
10 2 3.975 0.0
-11.174  21.244 0.0 0.40 0.0 0.0 0.0 0
 -8.457  21.665 0.0 0.40 0.0 0.0 0.0 0
# 30.185  -8.348 0.0 0.40 0.0 0.0 0.0 0

# wang ID 9 no 9.3
11 2
 -7.033 -18.115 0.0 0.40 0.0 0.0 0.0 0
 -3.151 -21.607 0.0 0.40 0.0 0.0 0.0 0
#-43.597  11.125 0.0 0.40 0.0 0.0 0.0 0 # wang 9.3, 11021188?

# wang ID 10 no 10.3 MUSE z
12 2 2.656 0.0
 -7.162 -20.297 0.0 0.40 0.0 0.0 0.0 0
 -3.928 -22.468 0.0 0.40 0.0 0.0 0.0 0
#-45.368  11.323 0.0 0.40 0.0 0.0 0.0 0

# wang ID 11
13 4 
-34.633  -4.287 0.0 0.40 0.0 0.0 0.0 0
 10.303 -31.226 0.0 0.40 0.0 0.0 0.0 0
-26.179 -22.687 0.0 0.40 0.0 0.0 0.0 0
-16.347 -13.025 0.0 0.40 0.0 0.0 0.0 0

# wang ID 12 no 12.1, 12.4
14 2 2.80 0.5
-22.136 -10.833 0.0 0.40 0.0 0.0 0.0 0
-26.221  -9.923 0.0 0.40 0.0 0.0 0.0 0
# 20.652 -34.967 0.0 0.40 0.0 0.0 0.0 0 # wang 12.4
#-23.333 -15.224 0.0 0.40 0.0 0.0 0.0 0 # wang 12.1

# wang ID 13
15 3 
-19.453  -8.345 0.0 0.40 0.0 0.0 0.0 0
-23.852  -6.926 0.0 0.40 0.0 0.0 0.0 0
 10.303 -28.094 0.0 0.40 0.0 0.0 0.0 0

# wang ID 14
16 3
-11.303  20.174 0.0 0.40 0.0 0.0 0.0 0
 -7.292  20.894 0.0 0.40 0.0 0.0 0.0 0
 26.494  -5.193 0.0 0.40 0.0 0.0 0.0 0

# wang ID 18
17 3 5.66 0.0
-14.408  16.844 0.0 0.40 0.0 0.0 0.0 0
 -7.033  16.574 0.0 0.40 0.0 0.0 0.0 0
 31.010 -15.296 0.0 0.40 0.0 0.0 0.0 0

# wang ID 41 no 41.2 41.4  MUSE z
18 4 4.911 0.0
-40.570   2.369 0.0 0.40 0.0 0.0 0.0 0
-23.124 -27.104 0.0 0.40 0.0 0.0 0.0 0
  8.270 -29.736 0.0 0.40 0.0 0.0 0.0 0
-13.994 -15.188 0.0 0.40 0.0 0.0 0.0 0

# wang ID 28
19 4 6.70 0.5
 17.567 -17.291 0.0 0.40 0.0 0.0 0.0 0
-36.395  15.415 0.0 0.40 0.0 0.0 0.0 0
  2.449   8.215 0.0 0.40 0.0 0.0 0.0 0
 -4.135  -4.088 0.0 0.40 0.0 0.0 0.0 0

# wang ID 22 MUSE z
20 3 5.284 0.0
-32.483 -31.537 0.0 0.40 0.0 0.0 0.0 0
-43.309 -14.958 0.0 0.40 0.0 0.0 0.0 0
 -5.617 -40.945 0.0 0.40 0.0 0.0 0.0 0

# wang ID 20
21 3 
-31.435  -9.848 0.0 0.40 0.0 0.0 0.0 0
-28.135 -18.728 0.0 0.40 0.0 0.0 0.0 0
 12.785 -33.518 0.0 0.40 0.0 0.0 0.0 0

# wang ID 23
22 3 
-23.106 -34.090 0.0 0.40 0.0 0.0 0.0 0
-44.809  -5.675 0.0 0.40 0.0 0.0 0.0 0
 -6.355 -37.118 0.0 0.40 0.0 0.0 0.0 0

# wang ID 21
23 3 
-31.255 -10.358 0.0 0.40 0.0 0.0 0.0 0
-28.405 -18.368 0.0 0.40 0.0 0.0 0.0 0
 12.845 -33.698 0.0 0.40 0.0 0.0 0.0 0

# wang ID 59
24 2 
  5.670 -31.267 0.0 0.40 0.0 0.0 0.0 0 # 429
-37.307  -2.667 0.0 0.40 0.0 0.0 0.0 0 # 926

# wang ID 34 MUSE z
25 3 3.7850 0.0
-23.915 -37.738 0.0 0.40 0.0 0.0 0.0 0
-22.718 -38.184 0.0 0.40 0.0 0.0 0.0 0
-45.3345 -15.7122 0.0 0.40 0.0 0.0 0.0 0 # wang 34.3

# wang ID 33 MUSE z
26 3 5.726 0.0
  4.352 -10.483 0.0 0.40 0.0 0.0 0.0 0
  5.322 -11.376 0.0 0.40 0.0 0.0 0.0 0
-44.428  18.468 0.0 0.40 0.0 0.0 0.0 0

# wang ID 31 no 31.3 MUSE z
27 2 4.7594 0.0
  0.575 -10.508 0.0 0.40 0.0 0.0 0.0 0
  7.475 -13.898 0.0 0.40 0.0 0.0 0.0 0

# wang ID 32 
28 3 
  7.778 -16.098 0.0 0.40 0.0 0.0 0.0 0
 -1.730 -11.148 0.0 0.40 0.0 0.0 0.0 0
-42.477  15.336 0.0 0.40 0.0 0.0 0.0 0 # wang 32.3

# wang ID 46 
29 3 9.50 0.5
-19.855  -4.538 0.0 0.40 0.0 0.0 0.0 0
-27.625  -1.868 0.0 0.40 0.0 0.0 0.0 0
 26.675 -30.458 0.0 0.40 0.0 0.0 0.0 0

# wang ID 24 MUSE z
30 3 1.043 0.0
-30.403 -15.218 0.0 0.40 0.0 0.0 0.0 0
-27.955 -20.408 0.0 0.40 0.0 0.0 0.0 0
 -3.793 -31.878 0.0 0.40 0.0 0.0 0.0 0

# wang ID 26 MUSE z
31 3 3.054 0.0
-24.205 -34.148 0.0 0.40 0.0 0.0 0.0 0
-13.165 -37.238 0.0 0.40 0.0 0.0 0.0 0
-43.435  -9.848 0.0 0.40 0.0 0.0 0.0 0

# wang ID 60
32 3 1.7 0.5
-29.864 -26.344 0.0 0.40 0.0 0.0 0.0 0
 -3.955 -35.706 0.0 0.40 0.0 0.0 0.0 0
-37.151 -13.495 0.0 0.40 0.0 0.0 0.0 0

# wang ID 29 no 29.3
33 2 
 11.405   9.592 0.0 0.40 0.0 0.0 0.0 0
 17.345  -0.848 0.0 0.40 0.0 0.0 0.0 0

# wang ID 53 no 53.3
34 2 
  7.955  12.742 0.0 0.40 0.0 0.0 0.0 0
 19.475  -4.868 0.0 0.40 0.0 0.0 0.0 0

# MUSE ID 63
35 4 5.662 0.0
 11.950 -24.934 0.0 0.40 0.0 0.0 0.0 0
-20.642 -24.415 0.0 0.40 0.0 0.0 0.0 0
 -9.388 -11.444 0.0 0.40 0.0 0.0 0.0 0
-39.420   7.060 0.0 0.40 0.0 0.0 0.0 0

# wang ID 25
36 3 
-25.975  -9.008 0.0 0.40 0.0 0.0 0.0 0
-18.745 -11.078 0.0 0.40 0.0 0.0 0.0 0
  5.885 -28.958 0.0 0.40 0.0 0.0 0.0 0

# wang ID 30 MUSE z
37 3 1.025       0.0
 13.001  -5.270 0.0 0.40 0.0 0.0 0.0 0
-15.234  10.084 0.0 0.40 0.0 0.0 0.0 0
 -1.735   7.402 0.0 0.40 0.0 0.0 0.0 0

# wang ID 54 no 54.3 54.4 1 new image(Zheng+14 ZD7C)(???)
# Zheng+2014 ZD7
38 3
-19.373 -34.749 0.0 0.40 0.0 0.0 0.0 0
 -6.655 -36.308 0.0 0.40 0.0 0.0 0.0 0
-45.985  -2.108 0.0 0.40 0.0 0.0 0.0 0

# MUSE ID 42
39 5 3.692 0.0
-34.763  -1.339 0.0 0.40 0.0 0.0 0.0 0
-15.062 -10.854 0.0 0.40 0.0 0.0 0.0 0
 14.053 -30.222 0.0 0.40 0.0 0.0 0.0 0
-25.207 -22.140 0.0 0.40 0.0 0.0 0.0 0
-19.570 -17.834 0.0 0.40 0.0 0.0 0.0 0

# MUSE ID 47
40 3 4.022 0.0
-12.583  29.012 0.0 0.40 0.0 0.0 0.0 0
  0.833  28.786 0.0 0.40 0.0 0.0 0.0 0
 24.160   7.585 0.0 0.40 0.0 0.0 0.0 0

# MUSE ID 147
41 3 4.022 0.0
-11.083  29.174 0.0 0.40 0.0 0.0 0.0 0
 -1.069  29.203 0.0 0.40 0.0 0.0 0.0 0
 25.156   6.653 0.0 0.40 0.0 0.0 0.0 0

# MUSE ID 39
42 3 4.015 0.0
 -8.327  27.756 0.0 0.40 0.0 0.0 0.0 0
 -7.551  27.835 0.0 0.40 0.0 0.0 0.0 0
 26.801   2.419 0.0 0.40 0.0 0.0 0.0 0

# MUSE ID 40
43 3 4.000 0.0
 -9.240  27.259 0.0 0.40 0.0 0.0 0.0 0
 -6.469  27.680 0.0 0.40 0.0 0.0 0.0 0
 26.597   3.110 0.0 0.40 0.0 0.0 0.0 0

# MUSE ID 61
44 2 2.951 0.0
-29.259 -11.732 0.0 0.40 0.0 0.0 0.0 0
-28.047 -15.318 0.0 0.40 0.0 0.0 0.0 0

# MUSE ID 50
45 2
 25.265  -4.898 0.0 0.40 0.0 0.0 0.0 0
-24.362  21.430 0.0 0.40 0.0 0.0 0.0 0

